7 0.120844 0.361489 0.174133 0.170444
7 0.120844 0.122733 0.174133 0.153556
7 0.385822 0.134889 0.187289 0.162933
7 0.633956 0.143333 0.155467 0.146044
7 0.868978 0.127400 0.176000 0.147956
7 0.881156 0.376467 0.159200 0.177911
7 0.611489 0.371778 0.132933 0.164800
7 0.385844 0.375511 0.179778 0.194756
7 0.126533 0.635844 0.178044 0.187244
7 0.367089 0.640511 0.179778 0.147956
7 0.626467 0.637711 0.189111 0.183511
7 0.885844 0.637711 0.179778 0.179778
7 0.125533 0.881156 0.176044 0.176000
7 0.372711 0.878356 0.168533 0.170400
7 0.615222 0.905489 0.181644 0.123600
7 0.872711 0.883022 0.168533 0.187289
