4 0.138563 0.258422 0.267781 0.250937
4 0.847367 0.264969 0.288391 0.264031
4 0.874516 0.635750 0.222844 0.174156
4 0.246242 0.752797 0.131078 0.086156
4 0.782758 0.856727 0.245328 0.267797
4 0.246242 0.860453 0.123609 0.196594
4 0.094555 0.800570 0.138578 0.196672
4 0.336156 0.895117 0.134875 0.187266
4 0.396984 0.863266 0.125469 0.187219
4 0.174148 0.837969 0.140453 0.189062
4 0.537438 0.797758 0.147937 0.198547
4 0.387625 0.745305 0.147937 0.093641
4 0.620781 0.255609 0.250938 0.323969
4 0.353914 0.249992 0.260297 0.312734
